<svg width="62" height="62" viewBox="0 0 62 62" fill="none" xmlns="http://www.w3.org/2000/svg">
<mask id="mask0" mask-type="alpha" maskUnits="userSpaceOnUse" x="0" y="0" width="62" height="62">
<path fill-rule="evenodd" clip-rule="evenodd" d="M0.00012207 0.0306396H61.9707V61.2973H0.00012207V0.0306396Z" fill="white"/>
</mask>
<g mask="url(#mask0)">
<path fill-rule="evenodd" clip-rule="evenodd" d="M42.3151 36.5008C40.9735 36.5008 39.6681 36.3442 38.4126 36.0564C37.4653 33.0733 35.8068 30.3932 33.6334 28.2206C33.6368 28.1967 33.6403 28.1746 33.6403 28.1508C33.661 27.8307 33.5559 27.5242 33.3406 27.2841C31.4135 25.1217 30.3526 22.3446 30.3508 19.4619C30.3508 18.0589 30.5971 16.6848 31.0828 15.3822C31.3118 14.7624 30.9898 14.0728 30.3629 13.8464C30.2286 13.797 30.0873 13.7715 29.9461 13.7715C29.4381 13.7715 28.9834 14.0882 28.8112 14.5547C28.2256 16.1246 27.9277 17.7762 27.9277 19.4619C27.9277 21.2242 28.2515 22.9456 28.8904 24.5751C28.9128 24.6364 28.9369 24.6943 28.9645 24.7539C27.876 24.175 26.7273 23.6914 25.5286 23.3202C25.2376 22.0806 25.0808 20.7883 25.0808 19.4619C25.0808 10.0681 32.8119 2.42294 42.3151 2.42294C51.8183 2.42294 59.5494 10.0681 59.5494 19.4619C59.5494 28.8574 51.8183 36.5008 42.3151 36.5008M19.6541 58.905C10.1509 58.905 2.41984 51.2599 2.41984 41.8643C2.41984 32.4688 10.1509 24.8254 19.6541 24.8254C29.1573 24.8254 36.8901 32.4688 36.8901 41.8643C36.8901 51.2599 29.1573 58.905 19.6541 58.905M42.3151 0.0306396C31.4772 0.0306396 22.6611 8.74678 22.6611 19.4619C22.6611 20.5669 22.7541 21.6499 22.935 22.7055C21.8689 22.5267 20.7718 22.4331 19.6541 22.4331C8.81618 22.4331 0.00012207 31.1509 0.00012207 41.8643C0.00012207 52.5812 8.81618 61.2973 19.6541 61.2973C30.4921 61.2973 39.3098 52.5794 39.3098 41.8643C39.3098 40.7593 39.2151 39.6764 39.0326 38.619C40.1021 38.7995 41.1974 38.8931 42.3151 38.8931C53.1531 38.8931 61.9708 30.177 61.9708 19.4619C61.9708 8.74678 53.1531 0.0306396 42.3151 0.0306396" fill="#003B49"/>
</g>
<path fill-rule="evenodd" clip-rule="evenodd" d="M52.6582 27.2463C52.4759 27.0868 52.2424 27 52.0017 27C51.7112 27 51.4364 27.1224 51.247 27.3388L51.2456 27.3402C50.8839 27.7544 50.9267 28.3893 51.341 28.7537C51.5247 28.9117 51.7582 29 52.0003 29C52.2894 29 52.5627 28.8762 52.7521 28.6569C53.1167 28.2427 53.0739 27.6093 52.6582 27.2463" fill="#003B49"/>
<path fill-rule="evenodd" clip-rule="evenodd" d="M56.2831 15.2187C55.8213 13.8899 55.1454 12.6357 54.2787 11.4927C54.0415 11.1841 53.6599 11 53.2551 11C52.993 11 52.7469 11.073 52.5311 11.214C52.2583 11.3932 52.0764 11.6603 52.0175 11.9688C51.9622 12.2724 52.0389 12.5827 52.2315 12.8365V12.8381C53.7116 14.7874 54.4945 17.0851 54.4945 19.479C54.4945 20.8393 54.2413 22.1698 53.7419 23.4356C53.5083 24.0361 53.8436 24.7097 54.4927 24.9287C54.63 24.9768 54.7727 25 54.9207 25C55.445 25 55.9193 24.6931 56.0977 24.2336C56.6951 22.7123 57 21.113 57 19.479C57 18.0257 56.7593 16.5924 56.2831 15.2187" fill="#003B49"/>
<path fill-rule="evenodd" clip-rule="evenodd" d="M32.6586 10.2475C32.4764 10.0882 32.2429 10 32.0009 10C31.7133 10 31.4372 10.1223 31.2478 10.34C30.8848 10.7539 30.9247 11.3869 31.3404 11.7511C31.5226 11.9118 31.756 12 31.9995 12C32.287 12 32.5618 11.8762 32.7511 11.6586C33.1155 11.2447 33.0757 10.6117 32.6586 10.2475" fill="#003B49"/>
<path fill-rule="evenodd" clip-rule="evenodd" d="M47.758 28.6317C43.8869 28.6317 40.5495 26.4253 39.0406 23.2648H45.0565C45.7403 23.2648 46.2968 22.7338 46.2968 22.0798C46.2968 21.4275 45.7403 20.8931 45.0565 20.8931H38.2986C38.2261 20.4414 38.1873 19.9745 38.1873 19.5008C38.1873 19.0272 38.2261 18.5603 38.2986 18.1069H45.0565C45.7403 18.1069 46.2968 17.5759 46.2968 16.9236C46.2968 16.2679 45.7403 15.7369 45.0565 15.7369H39.0406C40.5495 12.5764 43.8869 10.37 47.758 10.37C48.4435 10.37 49 9.84067 49 9.18498C49 8.53096 48.4435 8 47.758 8C42.4947 8 38.0053 11.238 36.3693 15.7369H34.2438C33.5583 15.7369 33 16.2679 33 16.9236C33 17.5759 33.5583 18.1069 34.2438 18.1069H35.7951C35.735 18.562 35.7049 19.0289 35.7049 19.5008C35.7049 19.9728 35.735 20.4397 35.7951 20.8931H34.2438C33.5583 20.8931 33 21.4275 33 22.0798C33 22.7338 33.5583 23.2648 34.2438 23.2648H36.3693C38.0053 27.7636 42.4947 31 47.758 31C48.4435 31 49 30.4707 49 29.8167C49 29.161 48.4435 28.6317 47.758 28.6317" fill="#003B49"/>
<path fill-rule="evenodd" clip-rule="evenodd" d="M19.4991 40.2805C17.2539 40.2805 15.4283 38.4438 15.4283 36.1869C15.4283 34.3555 16.6339 32.8017 18.2867 32.2809V36.1869C18.2867 36.8623 18.8307 37.4074 19.4991 37.4074C20.1727 37.4074 20.7133 36.8623 20.7133 36.1869V32.2809C22.3661 32.8017 23.5699 34.3555 23.5699 36.1869C23.5699 36.8623 24.1157 37.4074 24.7876 37.4074C25.4542 37.4074 26 36.8623 26 36.1869C26 33.0031 23.7185 30.3453 20.7133 29.7724V28.2204C20.7133 27.5468 20.1727 27 19.4991 27C18.8307 27 18.2867 27.5468 18.2867 28.2204V29.7724C15.2815 30.3453 13 33.0031 13 36.1869C13 39.7892 15.9171 42.7195 19.4991 42.7195C21.7461 42.7195 23.5699 44.5545 23.5699 46.8113C23.5699 48.6428 22.3661 50.1983 20.7133 50.7191V46.8113C20.7133 46.1395 20.1727 45.5909 19.4991 45.5909C18.8307 45.5909 18.2867 46.1395 18.2867 46.8113V50.7191C16.6339 50.1983 15.4283 48.6428 15.4283 46.8113C15.4283 46.1395 14.8843 45.5909 14.2142 45.5909C13.5458 45.5909 13 46.1395 13 46.8113C13 49.9969 15.2815 52.6547 18.2867 53.2293V54.7813C18.2867 55.4549 18.8307 56 19.4991 56C20.1727 56 20.7133 55.4549 20.7133 54.7813V53.2293C23.7185 52.6547 26 49.9969 26 46.8113C26 43.2108 23.0829 40.2805 19.4991 40.2805" fill="#003B49"/>
<path fill-rule="evenodd" clip-rule="evenodd" d="M30.6608 49.2475C30.4786 49.0882 30.2437 49 30.0016 49C29.714 49 29.4392 49.1238 29.2484 49.3385C29.0733 49.5405 28.985 49.7994 29.0021 50.0654C29.0192 50.3314 29.1402 50.5761 29.341 50.7511C29.5246 50.9118 29.7581 51 30.0002 51C30.2878 51 30.5626 50.8762 30.752 50.66V50.6586C31.115 50.2432 31.0752 49.6117 30.6608 49.2475" fill="#003B49"/>
<path fill-rule="evenodd" clip-rule="evenodd" d="M32.9909 36.8464C32.347 35.2169 31.4139 33.7262 30.2221 32.4149C29.9816 32.1512 29.6343 32 29.269 32C28.9598 32 28.6614 32.1072 28.4281 32.3076C28.1731 32.5274 28.0212 32.8279 28.0031 33.1567C27.9796 33.4854 28.0917 33.8018 28.3177 34.0514C30.3414 36.2839 31.4555 39.1527 31.4555 42.127C31.4555 43.5772 31.2005 44.9923 30.6905 46.3388C30.5729 46.6482 30.5856 46.984 30.7303 47.2828C30.8713 47.5834 31.1245 47.8102 31.4446 47.9244C31.5857 47.9736 31.7322 48 31.8823 48C32.4122 48 32.8932 47.6748 33.0741 47.1914C33.6871 45.5724 34 43.869 34 42.127C34 40.3076 33.6582 38.5304 32.9909 36.8464" fill="#003B49"/>
<path fill-rule="evenodd" clip-rule="evenodd" d="M10.6823 49.9473C8.65856 47.7153 7.54092 44.8489 7.54092 41.8735C7.54092 40.4253 7.79953 39.0088 8.30952 37.6626C8.55005 37.0211 8.21187 36.3111 7.55539 36.0756C7.41252 36.0264 7.26603 36 7.11593 36C6.58604 36 6.10679 36.3251 5.92233 36.8102C5.30925 38.4288 5 40.1336 5 41.8735C5 43.6907 5.33638 45.4675 6.00732 47.1511C6.65295 48.7803 7.58613 50.2707 8.77611 51.58C9.01664 51.8453 9.36568 52 9.73099 52C10.0421 52 10.3405 51.8893 10.5719 51.6889C10.8233 51.4728 10.977 51.1705 10.9969 50.8401C11.0204 50.5097 10.9083 50.1951 10.6823 49.9473" fill="#003B49"/>
<path fill-rule="evenodd" clip-rule="evenodd" d="M10.6598 32.2475C10.4776 32.0882 10.2429 32 10.001 32C9.71212 32 9.44034 32.1238 9.24825 32.34L9.24683 32.3414C9.07323 32.5434 8.98501 32.8009 9.00209 33.0654C9.02201 33.3314 9.14153 33.5761 9.34216 33.7525C9.52429 33.9118 9.75765 34 10.001 34C10.287 34 10.5616 33.8762 10.7508 33.6615C10.7508 33.66 10.7523 33.66 10.7523 33.66C11.1151 33.2447 11.0753 32.6131 10.6598 32.2475" fill="#003B49"/>
<path fill-rule="evenodd" clip-rule="evenodd" d="M54.782 38C54.1115 38 53.564 38.5282 53.564 39.1826V50.0312C53.564 52.2181 51.7309 53.9962 49.4785 53.9962H42.1565L43.8267 52.3762C44.3032 51.9136 44.3032 51.165 43.8267 50.7024C43.352 50.2432 42.581 50.2432 42.1045 50.7024L38.3569 54.3427C38.1282 54.5648 38 54.8659 38 55.1805C38 55.4917 38.1282 55.7945 38.3569 56.0148L42.1045 59.6551C42.3436 59.8873 42.6538 60 42.9674 60C43.2792 60 43.5894 59.8873 43.8267 59.6551C44.3032 59.1942 44.3032 58.444 43.8267 57.983L42.1565 56.3631H49.4785C53.0736 56.3631 56 53.5235 56 50.0312V39.1826C56 38.5282 55.4525 38 54.782 38" fill="#003B49"/>
<path fill-rule="evenodd" clip-rule="evenodd" d="M23.6458 4.99249L19.9073 1.34886C19.4339 0.883714 18.6651 0.883714 18.1918 1.34886C17.7167 1.80895 17.7167 2.55722 18.1918 3.02237L19.8572 4.647H12.5027C8.91794 4.647 6 7.4918 6 10.9871V21.8186C6 22.4708 6.54593 23 7.21278 23C7.88483 23 8.4273 22.4708 8.4273 21.8186V10.9871C8.4273 8.79623 10.2534 7.01486 12.5027 7.01486H19.8572L18.1918 8.63781C17.7167 9.10296 17.7167 9.85123 18.1918 10.3147C18.4284 10.5456 18.7377 10.6619 19.0504 10.6619C19.3596 10.6619 19.6689 10.5456 19.9073 10.3147L23.6458 6.66769C23.8756 6.44523 24 6.14524 24 5.83009C24 5.51662 23.8756 5.21664 23.6458 4.99249" fill="#003B49"/>
</svg>
